solid desk_organizer
  facet normal 0.000000 0.000000 1.000000
    outer loop
      vertex 0.000000 0.000000 0.000000
      vertex 50.000000 0.000000 0.000000
      vertex 50.000000 40.000000 0.000000
    endloop
  endfacet
  facet normal 0.000000 0.000000 1.000000
    outer loop
      vertex 0.000000 0.000000 0.000000
      vertex 50.000000 40.000000 0.000000
      vertex 0.000000 40.000000 0.000000
    endloop
  endfacet
  facet normal 0.000000 0.000000 -1.000000
    outer loop
      vertex 0.000000 0.000000 25.000000
      vertex 0.000000 40.000000 25.000000
      vertex 50.000000 40.000000 25.000000
    endloop
  endfacet
  facet normal 0.000000 0.000000 -1.000000
    outer loop
      vertex 0.000000 0.000000 25.000000
      vertex 50.000000 40.000000 25.000000
      vertex 50.000000 0.000000 25.000000
    endloop
  endfacet
  facet normal 0.000000 1.000000 0.000000
    outer loop
      vertex 0.000000 0.000000 0.000000
      vertex 0.000000 0.000000 25.000000
      vertex 50.000000 0.000000 25.000000
    endloop
  endfacet
  facet normal 0.000000 1.000000 0.000000
    outer loop
      vertex 0.000000 0.000000 0.000000
      vertex 50.000000 0.000000 25.000000
      vertex 50.000000 0.000000 0.000000
    endloop
  endfacet
  facet normal 0.000000 -1.000000 0.000000
    outer loop
      vertex 50.000000 40.000000 0.000000
      vertex 50.000000 40.000000 25.000000
      vertex 0.000000 40.000000 25.000000
    endloop
  endfacet
  facet normal 0.000000 -1.000000 0.000000
    outer loop
      vertex 50.000000 40.000000 0.000000
      vertex 0.000000 40.000000 25.000000
      vertex 0.000000 40.000000 0.000000
    endloop
  endfacet
  facet normal 1.000000 0.000000 0.000000
    outer loop
      vertex 0.000000 0.000000 0.000000
      vertex 0.000000 40.000000 0.000000
      vertex 0.000000 40.000000 25.000000
    endloop
  endfacet
  facet normal 1.000000 0.000000 0.000000
    outer loop
      vertex 0.000000 0.000000 0.000000
      vertex 0.000000 40.000000 25.000000
      vertex 0.000000 0.000000 25.000000
    endloop
  endfacet
  facet normal -1.000000 0.000000 0.000000
    outer loop
      vertex 50.000000 0.000000 0.000000
      vertex 50.000000 0.000000 25.000000
      vertex 50.000000 40.000000 25.000000
    endloop
  endfacet
  facet normal -1.000000 0.000000 0.000000
    outer loop
      vertex 50.000000 0.000000 0.000000
      vertex 50.000000 40.000000 25.000000
      vertex 50.000000 40.000000 0.000000
    endloop
  endfacet
  facet normal 0.000000 0.000000 1.000000
    outer loop
      vertex 6.000000 6.000000 5.000000
      vertex 14.000000 6.000000 5.000000
      vertex 14.000000 14.000000 5.000000
    endloop
  endfacet
  facet normal 0.000000 0.000000 1.000000
    outer loop
      vertex 6.000000 6.000000 5.000000
      vertex 14.000000 14.000000 5.000000
      vertex 6.000000 14.000000 5.000000
    endloop
  endfacet
  facet normal 0.000000 0.000000 -1.000000
    outer loop
      vertex 6.000000 6.000000 25.000000
      vertex 6.000000 14.000000 25.000000
      vertex 14.000000 14.000000 25.000000
    endloop
  endfacet
  facet normal 0.000000 0.000000 -1.000000
    outer loop
      vertex 6.000000 6.000000 25.000000
      vertex 14.000000 14.000000 25.000000
      vertex 14.000000 6.000000 25.000000
    endloop
  endfacet
  facet normal 0.000000 0.000000 1.000000
    outer loop
      vertex 6.000000 21.000000 5.000000
      vertex 14.000000 21.000000 5.000000
      vertex 14.000000 29.000000 5.000000
    endloop
  endfacet
  facet normal 0.000000 0.000000 1.000000
    outer loop
      vertex 6.000000 21.000000 5.000000
      vertex 14.000000 29.000000 5.000000
      vertex 6.000000 29.000000 5.000000
    endloop
  endfacet
  facet normal 0.000000 0.000000 -1.000000
    outer loop
      vertex 6.000000 21.000000 25.000000
      vertex 6.000000 29.000000 25.000000
      vertex 14.000000 29.000000 25.000000
    endloop
  endfacet
  facet normal 0.000000 0.000000 -1.000000
    outer loop
      vertex 6.000000 21.000000 25.000000
      vertex 14.000000 29.000000 25.000000
      vertex 14.000000 21.000000 25.000000
    endloop
  endfacet
  facet normal 0.000000 0.000000 1.000000
    outer loop
      vertex 21.000000 6.000000 5.000000
      vertex 29.000000 6.000000 5.000000
      vertex 29.000000 14.000000 5.000000
    endloop
  endfacet
  facet normal 0.000000 0.000000 1.000000
    outer loop
      vertex 21.000000 6.000000 5.000000
      vertex 29.000000 14.000000 5.000000
      vertex 21.000000 14.000000 5.000000
    endloop
  endfacet
  facet normal 0.000000 0.000000 -1.000000
    outer loop
      vertex 21.000000 6.000000 25.000000
      vertex 21.000000 14.000000 25.000000
      vertex 29.000000 14.000000 25.000000
    endloop
  endfacet
  facet normal 0.000000 0.000000 -1.000000
    outer loop
      vertex 21.000000 6.000000 25.000000
      vertex 29.000000 14.000000 25.000000
      vertex 29.000000 6.000000 25.000000
    endloop
  endfacet
  facet normal 0.000000 0.000000 1.000000
    outer loop
      vertex 21.000000 21.000000 5.000000
      vertex 29.000000 21.000000 5.000000
      vertex 29.000000 29.000000 5.000000
    endloop
  endfacet
  facet normal 0.000000 0.000000 1.000000
    outer loop
      vertex 21.000000 21.000000 5.000000
      vertex 29.000000 29.000000 5.000000
      vertex 21.000000 29.000000 5.000000
    endloop
  endfacet
  facet normal 0.000000 0.000000 -1.000000
    outer loop
      vertex 21.000000 21.000000 25.000000
      vertex 21.000000 29.000000 25.000000
      vertex 29.000000 29.000000 25.000000
    endloop
  endfacet
  facet normal 0.000000 0.000000 -1.000000
    outer loop
      vertex 21.000000 21.000000 25.000000
      vertex 29.000000 29.000000 25.000000
      vertex 29.000000 21.000000 25.000000
    endloop
  endfacet
  facet normal 0.000000 0.000000 1.000000
    outer loop
      vertex 36.000000 6.000000 5.000000
      vertex 44.000000 6.000000 5.000000
      vertex 44.000000 14.000000 5.000000
    endloop
  endfacet
  facet normal 0.000000 0.000000 1.000000
    outer loop
      vertex 36.000000 6.000000 5.000000
      vertex 44.000000 14.000000 5.000000
      vertex 36.000000 14.000000 5.000000
    endloop
  endfacet
  facet normal 0.000000 0.000000 -1.000000
    outer loop
      vertex 36.000000 6.000000 25.000000
      vertex 36.000000 14.000000 25.000000
      vertex 44.000000 14.000000 25.000000
    endloop
  endfacet
  facet normal 0.000000 0.000000 -1.000000
    outer loop
      vertex 36.000000 6.000000 25.000000
      vertex 44.000000 14.000000 25.000000
      vertex 44.000000 6.000000 25.000000
    endloop
  endfacet
  facet normal 0.000000 0.000000 1.000000
    outer loop
      vertex 36.000000 21.000000 5.000000
      vertex 44.000000 21.000000 5.000000
      vertex 44.000000 29.000000 5.000000
    endloop
  endfacet
  facet normal 0.000000 0.000000 1.000000
    outer loop
      vertex 36.000000 21.000000 5.000000
      vertex 44.000000 29.000000 5.000000
      vertex 36.000000 29.000000 5.000000
    endloop
  endfacet
  facet normal 0.000000 0.000000 -1.000000
    outer loop
      vertex 36.000000 21.000000 25.000000
      vertex 36.000000 29.000000 25.000000
      vertex 44.000000 29.000000 25.000000
    endloop
  endfacet
  facet normal 0.000000 0.000000 -1.000000
    outer loop
      vertex 36.000000 21.000000 25.000000
      vertex 44.000000 29.000000 25.000000
      vertex 44.000000 21.000000 25.000000
    endloop
  endfacet
endsolid desk_organizer
